63647.000000 988136.000000
1.080000 43.600000
63647.000000 2.610000 2.420000 1.380000 1.220000
118242.000000 5.510000 5.990000 3.900000 3.480000
212761.000000 7.660000 5.360000 1.550000 1.080000
214450.000000 8.390000 6.290000 2.050000 1.630000
234523.000000 10.940000 10.650000 5.160000 4.660000
250176.000000 11.700000 11.050000 5.130000 4.660000
256126.000000 12.110000 11.750000 5.760000 5.220000
294384.000000 10.880000 7.350000 1.990000 1.400000
429778.000000 17.050000 11.730000 3.250000 2.410000
470793.000000 22.260000 20.180000 9.050000 8.200000
604193.000000 26.900000 24.150000 7.770000 6.750000
700080.000000 33.070000 26.930000 7.930000 6.600000
796304.000000 35.100000 26.300000 7.940000 6.630000
859221.000000 39.320000 34.630000 10.810000 9.430000
862589.000000 38.290000 29.290000 8.960000 7.570000
886276.000000 36.450000 19.060000 5.720000 3.560000
941032.000000 43.600000 36.000000 9.850000 8.360000
988136.000000 40.860000 25.930000 6.530000 4.580000
